{
 "cells": [
  {
   "cell_type": "markdown",
   "metadata": {},
   "source": [
    "# Lasso Regression"
   ]
  },
  {
   "cell_type": "markdown",
   "metadata": {},
   "source": [
    "<li>Estimates sparse coefficients</li>\n",
    "<li>Can be used for feature selection</li>\n",
    "<li>Prefer solution with lesser no. of parameters</li>\n",
    "<li>Cost function is : <ul>$min_{\\substack{w}}$ $\\frac{1}{2n_{samples}}||Xw-y||_{2}+\\alpha||w||_{1}$</ul></li>\n",
    "<li>Solves minimization of least square penalized with $\\alpha||w||_{1}$, where $\\alpha$ is regularization parameter and $||w||_{1}$ is $l_{1}$ norm</li>\n",
    "<li>Lasso uses $Coordinate$ $descent$ $algorithm$ to fit the parameters</li>\n",
    "<li>lasso_path</li>\n",
    "     \n",
    "\n",
    "<li>Why Lasso?<ol>If data of high dimensionality, then to reduce the no. of dimension i.e. feature selection </ol></li>"
   ]
  },
  {
   "cell_type": "markdown",
   "metadata": {},
   "source": [
    "# Multitask Lasso Regression\n",
    "\n",
    "<li>Estimates sparse coefficients for multiple problem</li>\n",
    "<li></li>\n",
    "\n",
    "\n",
    "\n",
    "<li></li>"
   ]
  },
  {
   "cell_type": "markdown",
   "metadata": {},
   "source": [
    "### Lasso Regression"
   ]
  },
  {
   "cell_type": "code",
   "execution_count": 6,
   "metadata": {},
   "outputs": [
    {
     "name": "stdout",
     "output_type": "stream",
     "text": [
      "\n",
      "Done(*_*)\n"
     ]
    }
   ],
   "source": [
    "import numpy as np\n",
    "import matplotlib.pyplot as plt\n",
    "\n",
    "from sklearn.datasets import load_diabetes\n",
    "\n",
    "\n",
    "s = \"\\nDone(*_*)\"\n",
    "print(s)"
   ]
  },
  {
   "cell_type": "markdown",
   "metadata": {},
   "source": [
    "### Loading data "
   ]
  },
  {
   "cell_type": "code",
   "execution_count": 9,
   "metadata": {},
   "outputs": [
    {
     "name": "stdout",
     "output_type": "stream",
     "text": [
      "\n",
      "Done(*_*)\n"
     ]
    }
   ],
   "source": [
    "data = load_diabetes()\n",
    "\n",
    "print(s)"
   ]
  },
  {
   "cell_type": "markdown",
   "metadata": {},
   "source": [
    "### Description of data"
   ]
  },
  {
   "cell_type": "code",
   "execution_count": 11,
   "metadata": {},
   "outputs": [
    {
     "name": "stdout",
     "output_type": "stream",
     "text": [
      "Diabetes dataset\n",
      "================\n",
      "\n",
      "Notes\n",
      "-----\n",
      "\n",
      "Ten baseline variables, age, sex, body mass index, average blood\n",
      "pressure, and six blood serum measurements were obtained for each of n =\n",
      "442 diabetes patients, as well as the response of interest, a\n",
      "quantitative measure of disease progression one year after baseline.\n",
      "\n",
      "Data Set Characteristics:\n",
      "\n",
      "  :Number of Instances: 442\n",
      "\n",
      "  :Number of Attributes: First 10 columns are numeric predictive values\n",
      "\n",
      "  :Target: Column 11 is a quantitative measure of disease progression one year after baseline\n",
      "\n",
      "  :Attributes:\n",
      "    :Age:\n",
      "    :Sex:\n",
      "    :Body mass index:\n",
      "    :Average blood pressure:\n",
      "    :S1:\n",
      "    :S2:\n",
      "    :S3:\n",
      "    :S4:\n",
      "    :S5:\n",
      "    :S6:\n",
      "\n",
      "Note: Each of these 10 feature variables have been mean centered and scaled by the standard deviation times `n_samples` (i.e. the sum of squares of each column totals 1).\n",
      "\n",
      "Source URL:\n",
      "http://www4.stat.ncsu.edu/~boos/var.select/diabetes.html\n",
      "\n",
      "For more information see:\n",
      "Bradley Efron, Trevor Hastie, Iain Johnstone and Robert Tibshirani (2004) \"Least Angle Regression,\" Annals of Statistics (with discussion), 407-499.\n",
      "(http://web.stanford.edu/~hastie/Papers/LARS/LeastAngle_2002.pdf)\n",
      "\n",
      "['age', 'sex', 'bmi', 'bp', 's1', 's2', 's3', 's4', 's5', 's6']\n",
      "\n",
      "Done(*_*)\n"
     ]
    }
   ],
   "source": [
    "print(data.DESCR)\n",
    "print(data.feature_names)\n",
    "print(data.)\n",
    "print(s)"
   ]
  },
  {
   "cell_type": "markdown",
   "metadata": {},
   "source": [
    "### Analysing dataset\n",
    "\n"
   ]
  },
  {
   "cell_type": "markdown",
   "metadata": {},
   "source": [
    "<li> Variance-Covariance matrix</li>\n",
    "<li></li>"
   ]
  },
  {
   "cell_type": "markdown",
   "metadata": {},
   "source": [
    "#### Covariance Matrix\n",
    "\n",
    "As there are 10 features and 1 target variable so variance-covariance size will be\n",
    "$11*11$"
   ]
  },
  {
   "cell_type": "code",
   "execution_count": 43,
   "metadata": {},
   "outputs": [
    {
     "name": "stdout",
     "output_type": "stream",
     "text": [
      "[[  2.26757370e-03   3.93961679e-04   4.19693121e-04   7.60604786e-04\n",
      "    5.89707075e-04   4.97149977e-04  -1.70478401e-04   4.62224262e-04\n",
      "    6.14006314e-04   6.84197296e-04   6.89757539e-01]\n",
      " [  3.93961679e-04   2.26757370e-03   1.99912469e-04   5.46515122e-04\n",
      "    7.99927872e-05   3.23440492e-04  -8.59613672e-04   7.53095449e-04\n",
      "    3.39949109e-04   4.71957406e-04   1.58084707e-01]\n",
      " [  4.19693121e-04   1.99912469e-04   2.26757370e-03   8.96633381e-04\n",
      "    5.66388711e-04   5.92222021e-04  -8.31770926e-04   9.38336966e-04\n",
      "    1.01169762e-03   8.81360530e-04   2.15291442e+00]\n",
      " [  7.60604786e-04   5.46515122e-04   8.96633381e-04   2.26757370e-03\n",
      "    5.49817934e-04   4.20766046e-04  -4.05354211e-04   5.84247996e-04\n",
      "    8.92240679e-04   8.85327393e-04   1.62072935e+00]\n",
      " [  5.89707075e-04   7.99927872e-05   5.66388711e-04   5.49817934e-04\n",
      "    2.26757370e-03   2.03324934e-03   1.16823955e-04   1.22949497e-03\n",
      "    1.16893597e-03   7.38586742e-04   7.78354766e-01]\n",
      " [  4.97149977e-04   3.23440492e-04   5.92222021e-04   4.20766046e-04\n",
      "    2.03324934e-03   2.26757370e-03  -4.45476471e-04   1.49618342e-03\n",
      "    7.21889793e-04   6.58957768e-04   6.38967332e-01]\n",
      " [ -1.70478401e-04  -8.59613672e-04  -8.31770926e-04  -4.05354211e-04\n",
      "    1.16823955e-04  -4.45476471e-04   2.26757370e-03  -1.67458669e-03\n",
      "   -9.03802731e-04  -6.20628802e-04  -1.44930902e+00]\n",
      " [  4.62224262e-04   7.53095449e-04   9.38336966e-04   5.84247996e-04\n",
      "    1.22949497e-03   1.49618342e-03  -1.67458669e-03   2.26757370e-03\n",
      "    1.40103717e-03   9.46059215e-04   1.58023363e+00]\n",
      " [  6.14006314e-04   3.39949109e-04   1.01169762e-03   8.92240679e-04\n",
      "    1.16893597e-03   7.21889793e-04  -9.03802731e-04   1.40103717e-03\n",
      "    2.26757370e-03   1.05367450e-03   2.07741207e+00]\n",
      " [  6.84197296e-04   4.71957406e-04   8.81360530e-04   8.85327393e-04\n",
      "    7.38586742e-04   6.58957768e-04  -6.20628802e-04   9.46059215e-04\n",
      "    1.05367450e-03   2.26757370e-03   1.40413338e+00]\n",
      " [  6.89757539e-01   1.58084707e-01   2.15291442e+00   1.62072935e+00\n",
      "    7.78354766e-01   6.38967332e-01  -1.44930902e+00   1.58023363e+00\n",
      "    2.07741207e+00   1.40413338e+00   5.94333135e+03]]\n",
      "(11, 11)\n",
      "\n",
      "Done(*_*)\n"
     ]
    }
   ],
   "source": [
    "cov_mat = np.cov(np.append(data.data,data.target[:,np.newaxis],axis=1).T)\n",
    "print(cov_mat)\n",
    "print(max+\"\")\n",
    "print(cov_mat.shape)\n",
    "print(s)"
   ]
  },
  {
   "cell_type": "markdown",
   "metadata": {},
   "source": [
    "### Plotting variance-covariance matrix"
   ]
  },
  {
   "cell_type": "code",
   "execution_count": 44,
   "metadata": {},
   "outputs": [
    {
     "data": {
      "image/png": "iVBORw0KGgoAAAANSUhEUgAAAP4AAAD8CAYAAABXXhlaAAAABHNCSVQICAgIfAhkiAAAAAlwSFlz\nAAALEgAACxIB0t1+/AAAADl0RVh0U29mdHdhcmUAbWF0cGxvdGxpYiB2ZXJzaW9uIDIuMS4wLCBo\ndHRwOi8vbWF0cGxvdGxpYi5vcmcvpW3flQAACndJREFUeJzt3V2IpQd9x/HvrzsGTawYmWmpu2E3\nQkgbhBKZ2uiClKxCrGJ60UICESuFvTEaRZDYm9z2QkQvRFhirGBIKGugQYIv+EJpKYuTTcBs1mCI\nyWbM2sxQquJF1+C/F3NsZ6e77nCe57yE//cDYeecPTvPj91857zM2WdTVUjq5fcWPUDS/Bm+1JDh\nSw0ZvtSQ4UsNGb7UkOFLDRm+1JDhSw2tzPNgq6urdfjwkXkeUmrlhReeZ3t7O1e63VzDP3z4CP92\namOeh5RaOfrn6/u6nQ/1pYYMX2rI8KWGDF9qyPClhgaFn+S2JM8keTbJvWONkjRbU4ef5ADwBeC9\nwE3AnUluGmuYpNkZco//duDZqnquqi4ADwO3jzNL0iwNCf8g8OKuy5uT6y6S5HiSjSQbW9tbAw4n\naSxDwr/U2wL/35k7q+pEVa1X1fra6tqAw0kay5DwN4Hrdl0+BLw0bI6keRgS/g+AG5Jcn+Qq4A7g\n0XFmSZqlqf+STlW9kuRu4JvAAeCBqjoz2jJJMzPob+dV1WPAYyNtkTQnvnNPasjwpYYMX2rI8KWG\nDF9qyPClhgxfasjwpYYMX2rI8KWGDF9qyPClhgxfasjwpYYMX2rI8KWGDF9qyPClhgxfasjwpYYM\nX2rI8KWGDF9qyPClhgxfasjwpYYMX2rI8KWGDF9qyPClhqYOP8l1Sb6X5GySM0nuGXOYpNlZGfBr\nXwE+WVWnk/w+8HiSb1fV0yNtkzQjU9/jV9X5qjo9+fiXwFng4FjDJM3OKM/xkxwBbgZOjfH5JM3W\n4PCTvB74GvDxqvrFJX7+eJKNJBtb21tDDydpBIPCT/IadqJ/sKoeudRtqupEVa1X1fra6tqQw0ka\nyZBX9QN8CThbVZ8db5KkWRtyj38U+CBwa5InJ//95Ui7JM3Q1N/Oq6p/BTLiFklz4jv3pIYMX2rI\n8KWGDF9qyPClhgxfasjwpYYMX2rI8KWGDF9qyPClhgxfasjwpYYMX2rI8KWGDF9qyPClhgxfasjw\npYYMX2rI8KWGDF9qyPClhgxfasjwpYYMX2rI8KWGDF9qyPClhgxfasjwpYYGh5/kQJInknx9jEGS\nZm+Me/x7gLMjfB5JczIo/CSHgPcB948zR9I8DL3H/xzwKeA3l7tBkuNJNpJsbG1vDTycpDFMHX6S\n9wMvV9Xjv+t2VXWiqtaran1tdW3aw0ka0ZB7/KPAB5I8DzwM3Jrkq6OskjRTU4dfVZ+uqkNVdQS4\nA/huVd012jJJM+P38aWGVsb4JFX1feD7Y3wuSbPnPb7UkOFLDRm+1JDhSw0ZvtSQ4UsNGb7UkOFL\nDRm+1JDhSw0ZvtSQ4UsNGb7UkOFLDRm+1JDhSw0ZvtSQ4UsNGb7UkOFLDRm+1JDhSw0ZvtSQ4UsN\nGb7UkOFLDRm+1JDhSw0ZvtSQ4UsNDQo/yRuTnEzyoyRnk7xjrGGSZmdl4K//PPCNqvrrJFcBV4+w\nSdKMTR1+kjcA7wL+FqCqLgAXxpklaZaGPNR/C7AFfDnJE0nuT3LNSLskzdCQ8FeAtwFfrKqbgV8B\n9+69UZLjSTaSbGxtbw04nKSxDAl/E9isqlOTyyfZ+UJwkao6UVXrVbW+tro24HCSxjJ1+FX1M+DF\nJDdOrjoGPD3KKkkzNfRV/Y8CD05e0X8O+PDwSZJmbVD4VfUksD7SFklz4jv3pIYMX2rI8KWGDF9q\nyPClhgxfasjwpYYMX2rI8KWGDF9qyPClhgxfasjwpYYMX2rI8KWGDF9qyPClhgxfasjwpYYMX2rI\n8KWGDF9qyPClhgxfasjwpYYMX2rI8KWGDF9qyPClhgxfasjwpYYGhZ/kE0nOJHkqyUNJXjvWMEmz\nM3X4SQ4CHwPWq+qtwAHgjrGGSZqdoQ/1V4DXJVkBrgZeGj5J0qxNHX5V/RT4DHAOOA/8vKq+tfd2\nSY4n2UiysbW9Nf1SSaMZ8lD/WuB24HrgzcA1Se7ae7uqOlFV61W1vra6Nv1SSaMZ8lD/3cBPqmqr\nqn4NPAK8c5xZkmZpSPjngFuSXJ0kwDHg7DizJM3SkOf4p4CTwGngh5PPdWKkXZJmaGXIL66q+4D7\nRtoiaU58557UkOFLDRm+1JDhSw0ZvtSQ4UsNGb7UkOFLDRm+1JDhSw0ZvtSQ4UsNGb7UkOFLDRm+\n1JDhSw0ZvtSQ4UsNGb7UkOFLDRm+1JDhSw0ZvtSQ4UsNDfoHNSQNd+2f3T3a5/rvZ87t63be40sN\nGb7UkOFLDRm+1JDhSw1dMfwkDyR5OclTu657U5JvJ/nx5MdrZztT0pj2c4//j8Bte667F/hOVd0A\nfGdyWdKrxBXDr6p/Af5zz9W3A1+ZfPwV4K9G3iVphqZ9jv+HVXUeYPLjH4w3SdKszfzFvSTHk2wk\n2dja3pr14STtw7Th/0eSPwKY/Pjy5W5YVSeqar2q1tdW16Y8nKQxTRv+o8CHJh9/CPjnceZImof9\nfDvvIeDfgRuTbCb5O+AfgPck+THwnsllSa8SV/zbeVV152V+6tjIWyTNie/ckxoyfKkhw5caMnyp\nIcOXGkpVze9gyRbwwj5uugpsz3jOtJZ5Gyz3vmXeBsu9b7/bDlfVFd8pN9fw9yvJRlWtL3rHpSzz\nNljufcu8DZZ739jbfKgvNWT4UkPLGv6JRQ/4HZZ5Gyz3vmXeBsu9b9RtS/kcX9JsLes9vqQZWqrw\nk9yW5JkkzyZZqvP4JbkuyfeSnE1yJsk9i960V5IDSZ5I8vVFb9kryRuTnEzyo8nv4TsWvem3knxi\n8mf6VJKHkrx2wXtmfoLbpQk/yQHgC8B7gZuAO5PctNhVF3kF+GRV/QlwC/CRJdsHcA9wdtEjLuPz\nwDeq6o+BP2VJdiY5CHwMWK+qtwIHgDsWu2r2J7hdmvCBtwPPVtVzVXUBeJidk3ouhao6X1WnJx//\nkp3/cQ8udtX/SXIIeB9w/6K37JXkDcC7gC8BVNWFqvqvxa66yArwuiQrwNXAS4scM48T3C5T+AeB\nF3dd3mSJwtotyRHgZuDUYpdc5HPAp4DfLHrIJbwF2AK+PHkqcn+SaxY9CqCqfgp8BjgHnAd+XlXf\nWuyqSxr1BLfLFH4ucd3SfcshyeuBrwEfr6pfLHoPQJL3Ay9X1eOL3nIZK8DbgC9W1c3Ar1iSf4th\n8lz5duB64M3ANUnuWuyq2Vum8DeB63ZdPsSCH3LtleQ17ET/YFU9sug9uxwFPpDkeXaeIt2a5KuL\nnXSRTWCzqn77COkkO18IlsG7gZ9U1VZV/Rp4BHjngjddyr5PcLsfyxT+D4Abklyf5Cp2XmB5dMGb\n/leSsPMc9WxVfXbRe3arqk9X1aGqOsLO79t3q2pp7rWq6mfAi0lunFx1DHh6gZN2OwfckuTqyZ/x\nMZbkhcc9Rj3B7RXPuTcvVfVKkruBb7LzyuoDVXVmwbN2Owp8EPhhkicn1/19VT22wE2vJh8FHpx8\nUX8O+PCC9wBQVaeSnAROs/OdmydY8Dv4Jie4/QtgNckmcB87J7T9p8nJbs8BfzPoGL5zT+pnmR7q\nS5oTw5caMnypIcOXGjJ8qSHDlxoyfKkhw5ca+h9Mc2glzNzavAAAAABJRU5ErkJggg==\n",
      "text/plain": [
       "<matplotlib.figure.Figure at 0x26ee4633668>"
      ]
     },
     "metadata": {},
     "output_type": "display_data"
    }
   ],
   "source": [
    "plt.imshow(cov_mat,interpolation=\"nearest\",cmap=plt.cm.Blues)\n",
    "\n",
    "plt.show()"
   ]
  },
  {
   "cell_type": "code",
   "execution_count": null,
   "metadata": {
    "collapsed": true
   },
   "outputs": [],
   "source": []
  },
  {
   "cell_type": "code",
   "execution_count": null,
   "metadata": {
    "collapsed": true
   },
   "outputs": [],
   "source": []
  },
  {
   "cell_type": "markdown",
   "metadata": {},
   "source": [
    "## Testing "
   ]
  },
  {
   "cell_type": "code",
   "execution_count": 35,
   "metadata": {},
   "outputs": [
    {
     "name": "stdout",
     "output_type": "stream",
     "text": [
      "(442, 10)\n",
      "(442,)\n",
      "(442, 1)\n",
      "(442, 11)\n"
     ]
    }
   ],
   "source": [
    "a = np.array([[1,2,3],[4,5,6]])\n",
    "#print(np.cov(data.data.T))\n",
    "print(data.data.shape)\n",
    "print(data.target.shape)\n",
    "print(data.target[:,np.newaxis].shape)\n",
    "print(np.append(data.data,data.target[:,np.newaxis],axis=1).shape)"
   ]
  },
  {
   "cell_type": "code",
   "execution_count": null,
   "metadata": {
    "collapsed": true
   },
   "outputs": [],
   "source": []
  },
  {
   "cell_type": "markdown",
   "metadata": {},
   "source": [
    "### Example - Lasso and Elastic Net for Sparse Signals"
   ]
  },
  {
   "cell_type": "code",
   "execution_count": 5,
   "metadata": {},
   "outputs": [
    {
     "name": "stdout",
     "output_type": "stream",
     "text": [
      "\n",
      "Done(*_*)\n"
     ]
    }
   ],
   "source": [
    "import numpy as np\n",
    "import matplotlib.pyplot as plt\n",
    "\n",
    "from sklearn.datasets import load_diabetes\n",
    "\n",
    "\n",
    "s = \"\\nDone(*_*)\"\n",
    "print(s)\n"
   ]
  },
  {
   "cell_type": "code",
   "execution_count": null,
   "metadata": {
    "collapsed": true
   },
   "outputs": [],
   "source": []
  }
 ],
 "metadata": {
  "kernelspec": {
   "display_name": "Python 3",
   "language": "python",
   "name": "python3"
  },
  "language_info": {
   "codemirror_mode": {
    "name": "ipython",
    "version": 3
   },
   "file_extension": ".py",
   "mimetype": "text/x-python",
   "name": "python",
   "nbconvert_exporter": "python",
   "pygments_lexer": "ipython3",
   "version": "3.6.3"
  }
 },
 "nbformat": 4,
 "nbformat_minor": 2
}
